time,x,y,z,phi,theta,psi,x_velocity,y_velocity,z_velocity,phi_velocity,theta_velocity,psi_velocity,rotor_speed1,rotor_speed2,rotor_speed3,rotor_speed4
0.06,1.836608130656618e-08,1.1488742641873446e-06,10.003864430675625,0.0007888230141182007,6.283161283766049,0.0,1.8757297331277854e-06,8.888214068929007e-05,0.1288077515580307,0.03128492017076104,-0.0012135143652008717,0.0,446.1137141377715,446.0146428830412,444.54936060748554,447.10500816942573
0.12000000000000001,-3.121862399564199e-07,2.6545220441837545e-05,10.011354401798235,0.0029618831084219366,0.0007986917445688135,0.0,-5.379337840639506e-05,0.0009331390037687259,0.120858660350877,0.044603003160102794,0.033513127890487944,0.0,400.11925597820795,403.2678035185954,400.1230516883829,401.3342002364632
0.18,-2.8002739552321442e-05,0.0001549324983881714,10.021909328188231,0.005513228455169106,0.0026562805339489515,0.0,-0.0010699938172756707,0.003617298580217895,0.2309543026863993,0.03799909179317389,0.02529079707589651,0.0,440.0039327968935,439.3231581853442,440.845586898329,440.3006715601994
0.23999999999999996,-0.00016042152022191058,0.0005095129272618795,10.041284470170991,0.007421521927232,0.004312795295585481,0.0,-0.0035258420882278555,0.008446423163709589,0.4148322848152459,0.015018147338484692,0.03188150592466531,0.0,462.5626070969437,463.0814030431669,463.74813164512443,461.94009348737995
0.3,-0.00047466192319219985,0.0011829672423597838,10.070486663178059,0.00798546600250738,0.006377418864068396,0.0,-0.007164763756817601,0.014084763282385603,0.5585125854842978,-0.005269142024322437,0.03904010620528718,0.0,449.7671736437342,450.34696079437964,452.27702686705135,450.6402824998918
0.36000000000000004,-0.001061173214412416,0.002208733995443198,10.109133134141674,0.007666265221002,0.009582791136355517,0.0,-0.012707782469037688,0.020070926845865547,0.7296069473739716,-0.005421954457767987,0.07272490733678193,0.0,457.9137245300065,460.5867305169125,459.2857586184703,459.27373460901333
0.4200000000000001,-0.0020502013935252425,0.0035785868648765063,10.157035455964198,0.007062309409472611,0.014136883335064354,0.0,-0.020739089968240216,0.02554239640697041,0.8670374450064209,-0.021510987250150607,0.08159561023893391,0.0,449.70678275596447,450.4290830306117,448.9901654393267,447.68323718109013
0.48000000000000015,-0.0036533496573584864,0.00527349532039328,10.21521130002009,0.005502399167453653,0.019450937844169403,0.0,-0.03329989666656094,0.030788103228929734,1.071978925338509,-0.036961363428055595,0.0997551355913598,0.0,469.33402175475635,470.7470894091688,470.22069065520685,469.02228586757224
0.5400000000000001,-0.006104253141430409,0.0072327674651387,10.283853484984569,0.003376526294220916,0.02485034258111707,0.0,-0.04903487141540459,0.034284642865798014,1.215938630022665,-0.03253485749325892,0.04909300897249751,0.0,453.2400141117391,449.15604240156756,452.3133405727064,452.6691164850081
0.6000000000000002,-0.009562308394589101,0.009351030352591248,10.359464613983471,0.001060378313170851,0.02775943996962127,0.0,-0.06652484608314889,0.036113924005458375,1.3043278306855262,-0.05490327217312252,0.047240680432974705,0.0,434.92600849086637,434.77235797440255,435.61434423830644,433.73912289629004
0.6600000000000003,-0.01407580318771627,0.011526353643585499,10.438492510783874,6.281210350809367,0.031165041620916156,0.0,-0.08421247735246694,0.03610988681925401,1.3298969585146196,-0.043120097234137206,0.0710630815244251,0.0,413.87335271596766,415.9669101131839,413.42429324614966,414.45923126950777
0.7200000000000003,-0.019853629663656308,0.013637860612073895,10.523310415536722,6.279100304695886,0.035372845860366375,0.0,-0.10884967974552931,0.03401514682118447,1.497145097972969,-0.022729896301808748,0.06819659002247158,0.0,459.72174580006003,459.4981548439375,458.79295053092244,460.4082813444767
0.7800000000000004,-0.02707330112022653,0.015596010545335987,10.614530635149896,6.277615736671091,0.03910172373668441,0.0,-0.13217579372930455,0.031123232931977763,1.5434516208378275,-0.029106933778491478,0.045923260838714314,0.0,422.8060464082158,420.8857723274287,422.27882408127937,421.7282768275709
0.8400000000000004,-0.035860264047993154,0.01733662761190598,10.711082261955609,6.276336829788775,0.04146679619953986,0.0,-0.1609945586705231,0.026740785829362207,1.6747386113212084,-0.009076416645834546,0.0213991463358129,0.0,450.2234746300512,448.2357633060723,448.4378383100735,450.0617921554785
0.9000000000000005,-0.046360437098962065,0.0188010593299034,10.814035739884536,6.275541343589268,0.04298140541172302,0.0,-0.18914682402227886,0.022009667636891193,1.756912612948457,-0.023309294897574523,0.03199554276472061,0.0,433.34495304977656,434.2348270912218,435.18351685662265,433.99070725722174
0.9600000000000005,-0.058580607157530024,0.0199628802897459,10.921868913770815,6.274073915144765,0.045090350213806474,0.0,-0.21838792876664767,0.016576905135049915,1.8373879274355536,-0.026857442050388022,0.040807736617814436,0.0,434.05759788481083,434.7970096353419,433.5965998325257,433.2983320095774
1.0200000000000005,-0.07268560027858278,0.020751151185990895,11.036417135823346,6.272781365192792,0.047241764253623586,0.0,-0.2520208311769426,0.009545656611966142,1.9806322536657308,-0.012606100179792266,0.023445774426574584,0.0,454.7225816648599,453.33023684084367,453.26864254941376,454.4124030296099
1.0800000000000005,-0.08877525222912605,0.021109256553835026,11.157940831935921,6.27177738787957,0.04882806956792152,0.0,-0.2844457583858135,0.0023062847679952976,2.0699880970763336,-0.026623470412146338,0.03183625241430951,0.0,437.1773702562379,437.87605079208066,438.3269153000592,437.1605800339647
1.1400000000000006,-0.1067418719483638,0.02103440670830371,11.282702329165168,6.270249966641217,0.051870290395989116,0.0,-0.31467747030748805,-0.004941131736036204,2.088677076675982,-0.023220914863912402,0.07377348615108581,0.0,413.4736504677214,417.1533190757652,414.3644442277397,414.6632738050073
1.2000000000000006,-0.12669872854855463,0.0204692212743757,11.410729246130089,6.268838473758986,0.05661717245493669,0.0,-0.35100648398295825,-0.01403666441464239,2.1786865380942007,-0.02413977809581245,0.08808459022624131,0.0,437.3523348492249,438.5476589872372,438.78541797171073,438.70906849707086
1.2600000000000007,-0.1492259553794468,0.019257603854123017,11.54919408837554,6.268396098873119,0.06164987895675633,0.0,-0.40052151412677234,-0.026445640155008922,2.4362461248906966,0.014023662684386389,0.07376307241876094,0.0,490.4275375991352,489.36767387511003,487.0110399346186,489.85710176415046
1.3200000000000007,-0.17462286448507597,0.017351887846842072,11.699500266486604,6.269033225842842,0.06591786608695305,0.0,-0.44649344067968866,-0.036992619749111194,2.5736217726725132,0.0027498467119423894,0.06527600373421912,0.0,456.13486967649436,455.46033820309884,454.21671875941934,453.31159996301807
1.3800000000000008,-0.20280747885003228,0.014837847449482872,11.857112350356097,6.269211261525264,0.06960733573901301,0.0,-0.49337280990882243,-0.046787121596652256,2.679833730857869,0.003398611967639322,0.05258260860487291,0.0,446.79188897275264,445.75847346616166,445.36908577367035,445.42208466343465
1.4400000000000008,-0.23389342957435316,0.011737311178391744,12.021288294913754,6.269401687942466,0.07270333683183328,0.0,-0.5431345914020466,-0.05653941629125402,2.792394013818846,0.002720232517002651,0.04955941199089718,0.0,448.60383491002165,448.3599703807713,448.37474825861364,448.31956942844926
1.5000000000000009,-0.267663053707596,0.008124412435764599,12.187207598428387,6.269586086307715,0.07536054661040748,0.0,-0.5827588055072945,-0.06387828654672126,2.7383548715307895,0.003770305116574984,0.030818606110347292,0.0,394.8484751056166,393.1170465715784,393.5596000023972,393.6567216849253
1.560000000000001,-0.30407030886372854,0.004035056655033428,12.352779997118834,6.2698370276692845,0.07694110333240989,0.0,-0.6309760336912754,-0.07240965789132257,2.780599053529314,0.004994022059781734,0.015414719588854299,0.0,426.6351412937016,425.3180704900153,426.7188342308513,426.82320644486356
1.620000000000001,-0.343596269451174,-0.0005931513361162058,12.523440558823783,6.2713521618722545,0.07797658609998948,0.0,-0.6866420070520877,-0.08174610465142408,2.9077498250653973,0.04936195353525803,0.02071075807345405,0.0,454.01502406868855,454.4396553309172,451.22845092020935,454.79618326599626
1.680000000000001,-0.3863323796433705,-0.005718201205910203,12.699755226505744,6.2739562899921815,0.07896353503341746,0.0,-0.7379987378703613,-0.08881539098597599,2.9692286120336524,0.02750591026670859,0.0061627024789335395,0.0,433.3376293928973,432.1128903345441,435.4671097479775,433.63602192044794
1.740000000000001,-0.43239935011839364,-0.01124694739846725,12.882677304366464,6.27598901608031,0.07959978172337756,0.0,-0.797598613132229,-0.09526620291776614,3.127733161262624,0.0442780518481426,0.018266183477381376,0.0,463.22835982620774,464.17904960449465,464.13068923495905,465.4455720892576
1.8000000000000012,-0.4818762725446693,-0.017098044006888063,13.07279610241318,6.2785785008488215,0.08068954535555939,0.0,-0.8517311153670611,-0.09950861031844607,3.209310922168335,0.04081910545712807,0.017955022277200843,0.0,441.1916534163263,441.16590069461813,441.78460767357547,441.50035013571136
1.8600000000000012,-0.5346485462662847,-0.023153605812430048,13.26809754238244,6.281023961074169,0.08137036503956896,0.0,-0.9074269469445272,-0.10209629035775926,3.3004537333381596,0.04063454988997669,-0.007100801567187601,0.0,445.063034105589,443.0074292334884,445.9006856487071,445.88646995356544
1.9200000000000013,-0.5908617033787061,-0.02931544236697464,13.469951620815033,0.001023623238616267,0.0804651481721832,0.0,-0.9662654909824041,-0.10299218095372825,3.427630553934922,0.07052629561951637,-0.04017194138807344,0.0,458.3554324585217,455.71950883881993,455.243767667288,457.6310204446665
1.9800000000000013,-0.6504933455753882,-0.03545867838793372,13.678350828476322,0.004969800459892149,0.0781183459624355,0.0,-1.021209451043761,-0.10136954746167709,3.5187404029753915,0.05398018191274814,-0.037076598430540494,0.0,445.25187514240605,445.5042881758531,447.98124731671544,446.63685696177566
2.0400000000000014,-0.7133992303271673,-0.04142472981016808,13.892497944870092,0.009227573794034605,0.07561377346353737,0.0,-1.075405936608951,-0.09710597068959656,3.6191890085899625,0.09253081188254186,-0.05325298704767004,0.0,449.89539290015813,448.5826771923369,448.8685692402498,451.98973862164786
2.1000000000000014,-0.7794911124194827,-0.04704172508701916,14.11248288866078,0.014465445985369918,0.07289741055049159,0.0,-1.127356600360006,-0.08958253064988508,3.7133497400664024,0.07396925964550555,-0.03280191919355523,0.0,448.35090918070097,450.0082164044948,448.609181535275,447.1055011989312
2.1600000000000015,-0.8486935684007368,-0.05209548776760538,14.33868877139458,0.018946540379660703,0.07106172510639297,0.0,-1.1791846184825385,-0.07841891325068569,3.826470269371637,0.07607833005462569,-0.02651098391289547,0.0,453.60019746486614,454.1048479593879,456.1082531202502,456.2808784899294
2.2200000000000015,-0.9212638466119388,-0.05630340011005014,14.575776594900757,0.023699063730223457,0.0703758854092813,0.0,-1.2396513405582306,-0.06128407699567135,4.075578626485765,0.08482801456980539,0.008509164024359032,0.0,494.0052759709852,496.581024131009,496.098212583146,496.74456475764555
2.2800000000000016,-0.9972826817410178,-0.05942222252227158,14.8253463405231,0.028760413717566102,0.07104330855155183,0.0,-1.2943473879159488,-0.04212487657153838,4.242764835052533,0.08339498240049728,0.01589788545190107,0.0,472.79530950148876,473.36414723393256,474.86209713682376,474.75747626203406
2.3400000000000016,-1.0766531915435966,-0.0612559774629985,15.085643124370089,0.03404161500270675,0.07190849093101548,0.0,-1.3514039044179644,-0.01842871899094744,4.433022488770343,0.0959506790973493,0.0112862066478798,0.0,482.42772072855865,482.07922695183305,481.30178769963226,482.25690206306825
2.4000000000000017,-1.1593237140248556,-0.061611915055554044,15.355328500592412,0.04034821697929125,0.07275352103543664,0.0,-1.404341241724506,0.007185674177782023,4.555954267762135,0.118991882441015,0.019162041421186774,0.0,463.18475711801864,463.8036756260465,462.78381525199586,464.6029626449176
2.4600000000000017,-1.2449594583467898,-0.060425492600120694,15.629172276037806,0.047556331300022237,0.07451449294813361,0.0,-1.4503288218367976,0.032999779417929524,4.572048108701104,0.12232707722980066,0.04440983114212486,0.0,430.50159024595644,432.6331839945269,430.7106532017457,431.0061631328278
2.520000000000002,-1.33353962829406,-0.05746427797032031,15.905899240218316,0.055347930015768654,0.07775805073060216,0.0,-1.502628321886322,0.06644003984135054,4.6517661771215755,0.1417638786524966,0.06851148557021801,0.0,449.86621145432343,451.8155785264182,451.86881930933856,453.44800924586525
2.580000000000002,-1.4254248981030726,-0.05226805679914209,16.1885961538994,0.06427675031379287,0.08179252386220526,0.0,-1.5606121616169875,0.10765019404084018,4.770838099983376,0.16009734756567956,0.06457272295614526,0.0,464.7700826035357,464.464405639021,464.0987273584119,465.55510217342
2.640000000000002,-1.5206455690879357,-0.04459091093580453,16.475624746668476,0.07339639054002589,0.085839862871528,0.0,-1.6137738813022107,0.1491024989618237,4.796539961550135,0.1262915146108383,0.0726720998436808,0.0,436.10219972077556,436.78177465905685,438.7438467483999,435.9490392502374
2.700000000000002,-1.6190745585388873,-0.034318191889445494,16.76347957018193,0.08126974834700107,0.0903624857168257,0.0,-1.667592252792149,0.19399187910006346,4.798473455592231,0.13959948012034606,0.0802992222600468,0.0,428.4252559271324,429.07802442956165,430.07327233341266,431.21540221119557
2.760000000000002,-1.7210918396822834,-0.020961850869754814,17.054420180034814,0.09032468195261423,0.09515601202993995,0.0,-1.733445844757374,0.2520702267496415,4.898927231744125,0.1671841324072052,0.07906569820294741,0.0,461.30385705082284,461.21130120654357,460.1245658352708,462.3234006781414
2.820000000000002,-1.8269290575650532,-0.004152357325430562,17.3489449390728,0.10021220778847884,0.09977676007795111,0.0,-1.7948881804420744,0.3091256874495586,4.918284880786609,0.159526373382733,0.07255537688454672,0.0,437.3530383804505,436.81517861556637,437.35140622662976,436.7394188068533
2.880000000000002,-1.9365950643451242,0.016314134706019476,17.645148690101166,0.10943850841394731,0.1039579495240206,0.0,-1.8610398156891097,0.3739364640465701,4.954803267320481,0.13864702657978886,0.06322680123397208,0.0,443.2153955855993,442.45161578745285,444.3961654302531,442.70321542015245
2.940000000000002,-2.050776073749701,0.04132588697930241,17.94790080556161,0.11730722467210786,0.10853375890488337,0.0,-1.9454086842641223,0.46061293627385264,5.135864513980781,0.1086783088489447,0.09428627013873088,0.0,486.9002647362072,489.2224462412554,488.95146010817314,486.72701750065573
3.000000000000002,-2.170066615036345,0.0716357844362015,18.26085190762802,0.1236827071274984,0.1140736382932861,0.0,-2.03149166324353,0.550321739821028,5.294821605671535,0.10092033060842928,0.08810612178748738,0.0,483.64732598343556,483.18798785635846,484.1219439213915,483.5466382180457
3.0600000000000023,-2.2939257627377225,0.1066877451863772,18.57708861358728,0.12936054802036523,0.11924590084754971,0.0,-2.0976056329170225,0.6185597024622689,5.246405752108046,0.07748687886984745,0.0821033140033124,0.0,419.92957438969194,419.4150340961977,422.41319669871086,420.3950734124
3.1200000000000023,-2.422455379449312,0.14658169714503805,18.895446444894947,0.13401170740893775,0.12465108445529882,0.0,-2.1872038463139156,0.7116248520385614,5.364684782973023,0.07758409485102628,0.10255685372929185,0.0,473.23939417997144,474.8174665973934,473.2216420645378,473.2334982052006
3.1800000000000024,-2.5563556443773447,0.19201767983939916,19.219851330241248,0.13844521863026404,0.13078437003552335,0.0,-2.2767080413474705,0.8032733642976314,5.448103613417681,0.06524271546254029,0.10154254918718528,0.0,464.8181534872024,464.74720478579707,465.24880868481983,464.28532268703333
3.2400000000000024,-2.695542183125166,0.24281242665556604,19.547630110901775,0.1419677621775275,0.1375549377144809,0.0,-2.3634276883362126,0.8901725270367477,5.477410365221809,0.04057965483964455,0.12909892893980632,0.0,447.59147988019,449.8397105595549,450.9750066876865,448.980334277467
3.3000000000000025,-2.840419725511796,0.2992343421645878,19.87962035975498,0.14480364764604126,0.14575020950821038,0.0,-2.466576465344711,0.99070338707322,5.5880111050539,0.05807930596144134,0.1484355442431504,0.0,474.9401749168305,476.4368417486601,474.55398764158707,475.8967391775993
3.3600000000000025,-2.9913132619364213,0.36139964172953787,20.215843050631072,0.14796299237838006,0.15437382403283806,0.0,-2.5639898874636273,1.081702034258054,5.618865018143104,0.038675909881835766,0.13209826784261794,0.0,453.0159026685131,451.71877958257204,453.97575546750016,452.41753703732223
3.4200000000000026,-3.147672549158153,0.42856371300960217,20.550465425653627,0.14985266403388664,0.16221178863920116,0.0,-2.6486494541552896,1.1572732323662058,5.535313268602365,0.010536340591015925,0.12753114441445046,0.0,416.0395572909814,415.6563197450182,417.66255380109806,415.20089496754974
3.4800000000000026,-3.3099517939870697,0.500927669061523,20.88433046210775,0.15057722997356038,0.16980040580681965,0.0,-2.7613434248198465,1.2548125133392807,5.592853688239871,0.014990272889282156,0.12428287553513549,0.0,461.97654524281177,461.7342100299021,462.23695485983376,462.58775537601286
3.5400000000000027,-3.4787675074219493,0.5788214046507194,21.219440905958727,0.15117082310715357,0.1772086785901159,0.0,-2.8664988114882597,1.3416551706279911,5.577213030834074,-0.002997337765430797,0.12179810666686648,0.0,439.58047220100946,439.38848231595927,441.66183805703065,440.17536396170095
3.6000000000000028,-3.654277865702404,0.6621337810439445,21.554948088248487,0.15176051349331576,0.1845981023266443,0.0,-2.9844976307896176,1.4353505073519286,5.605822141833536,0.027651719793788346,0.12574267451334833,0.0,454.95585258259337,455.2849757795158,453.7884962836086,456.24260192727854
3.660000000000003,-3.836616315884612,0.7507536493198602,21.890037288600567,0.15332002003454992,0.19241601600506453,0.0,-3.0941213030529835,1.518730415175183,5.5636291660397665,0.022446589389190304,0.13812404978314954,0.0,432.7634260350191,433.820502567439,433.428437016258,432.9908091600565
3.720000000000003,-4.025455350812304,0.8442225195086075,22.221465023564008,0.154608549956615,0.20075852723981935,0.0,-3.2012269864022387,1.5969767414146903,5.483954875952153,0.019459143940548193,0.14081505477147424,0.0,421.83469382947027,422.0861183780365,420.1819624098901,419.9228611552884
3.780000000000003,-4.221023830991113,0.9425189800841761,22.54886825044662,0.1557086457161594,0.20897831908113762,0.0,-3.318445456381005,1.6796114566289162,5.429315493498229,0.01598615054034266,0.12800070394752155,0.0,429.89687840581365,428.82743731083156,429.95985332420366,429.6653994219215
3.840000000000003,-4.4251995270562325,1.0468207550999218,22.87958093778286,0.1564351103289905,0.21627510671402295,0.0,-3.4880637102752945,1.7969592888773847,5.59301884867603,0.002930530426246987,0.10408844011328244,0.0,498.5075767153934,496.76823619404894,499.50190619479224,498.5486023181199
3.900000000000003,-4.6383905245928245,1.157221412803281,23.214098772649468,0.15632701354100664,0.22228447010944485,0.0,-3.618866057765839,1.8829950710740109,5.557333835078791,-0.01352243641982584,0.09083440266701359,0.0,439.94405941044744,438.85371404627364,439.91900088825065,438.5542346915753
3.960000000000003,-4.858971981174908,1.2723757065542904,23.54395835386719,0.15556386987011983,0.22744635848337236,0.0,-3.734398368918929,1.9554276036145173,5.438250288875433,-0.011158900697205636,0.07409920148111446,0.0,412.33314415295,410.85829219858323,410.79617095849017,411.00586248378
4.020000000000002,-5.08745413831715,1.3924395070983402,23.87038983161494,0.15476164966105177,0.23203631522627166,0.0,-3.8821005014848025,2.0465226103671705,5.442363692811153,-0.018207064129541598,0.08091019584384,0.0,452.2362498073065,452.78914440529076,452.34091113253294,451.7729583039202
4.080000000000001,-5.32446284874778,1.5176547904006812,24.19521098336298,0.15370415598337406,0.23650776085284608,0.0,-4.018675977214366,2.1271722213912425,5.384913368773822,-0.016485332643040924,0.05699439801012336,0.0,434.6222661709754,432.61701347192775,432.1830890843154,432.32828001932745
4.14,-5.569644608600576,1.6476081774520552,24.516105608327006,0.15255464664315443,0.23964644791952683,0.0,-4.154457831589476,2.204479222091693,5.311603961445773,-0.025126602232887364,0.040750737951919656,0.0,427.32701835302976,425.94161011051176,429.18270990150546,428.44849532200357
4.199999999999998,-5.824256639222054,1.7829165682748371,24.83746721606252,0.1508135391863794,0.24312690026844752,0.0,-4.3328609935337035,2.3054450016683092,5.399562158744128,-0.038232004504700184,0.0798025556493745,0.0,478.85263556415936,481.8165711952844,479.43724163028946,478.4400687841298
4.259999999999997,-6.089505603381001,1.9241248595682925,25.1633963238627,0.14808560695787953,0.24814367229483292,0.0,-4.509204493501964,2.401070318506476,5.463909009607114,-0.06666190880708092,0.09030908756011181,0.0,474.6798165585214,475.4907453447543,474.5855750743062,472.396632070504
4.319999999999996,-6.363692890484985,2.069971058846667,25.486275574825587,0.14365262528553036,0.2538688583884152,0.0,-4.631022889343043,2.460211372581668,5.299253160046236,-0.09501169317307734,0.10405873947240754,0.0,398.7130511279221,399.97639778602115,400.56824826589525,397.97568390586383
4.379999999999995,-6.6460676414553514,2.2197093531504577,25.80219786632184,0.1382275556803778,0.2602266838654339,0.0,-4.782115075618487,2.5305416510864522,5.231417572277294,-0.08253358779429201,0.10952196920079957,0.0,431.7858616525023,432.25678825633776,432.00253503683433,433.04651482757714
4.439999999999993,-6.937106721080698,2.373292665578339,26.112055173860526,0.13399882151495746,0.2667034635079517,0.0,-4.919892735951476,2.5885551233337094,5.097428139678301,-0.05343598764334335,0.10459567196370015,0.0,410.8484193807225,410.4225779221068,406.9024458765999,409.49508028851216
4.499999999999992,-7.23688720410016,2.530456594107387,26.415125379678926,0.13181340682188925,0.27270453599531397,0.0,-5.073452039152853,2.649979786351816,5.004888408841965,-0.014827506989297603,0.08878840500396706,0.0,424.0236513572637,422.6722177161995,421.9436607077292,425.2634957174681
4.559999999999991,-7.546225663923774,2.6913656232869685,26.713392980976096,0.1318864214708393,0.27766273126456475,0.0,-5.23841401014123,2.7135457603909203,4.937165806073836,0.022002730987631183,0.06602408686181484,0.0,432.86940513746254,430.9545975727723,430.7409551078574,433.8452044114183
4.6199999999999894,-7.866014980959126,2.856281457899718,27.009086035895606,0.13296830604598497,0.28127012424799247,0.0,-5.42167802698242,2.783634003646792,4.9187839187570805,0.008590174939549894,0.04444840592104524,0.0,449.38005169002145,447.62972015580584,450.14366047608723,449.056652631253
4.679999999999988,-8.197901123058903,3.0258602977484483,27.307059145165827,0.1334973787215361,0.2842982464871886,0.0,-5.641443611881078,2.8688388208180804,5.012538570352958,0.009269448803499078,0.0603883145453641,0.0,484.84477838502806,486.0424668435431,485.39570337092687,485.44655924932727
4.739999999999987,-8.54262646211758,3.2003362697455047,27.6090634910471,0.13415561966734302,0.28757216759939297,0.0,-5.849769279891435,2.946906925891797,5.0534048650394405,0.01417279671233382,0.0391745587929182,0.0,473.0380135601189,471.40294130504327,470.51598902506356,470.89540410519965
4.799999999999986,-8.899613709179588,3.3793365580296095,27.912324442724152,0.13547647444447808,0.2897596455766305,0.0,-6.050143085472027,3.0197265428832933,5.0546880967129395,0.03431503511817725,0.030381841207618665,0.0,460.68677203249825,459.9913766842851,460.26051689665616,461.85229367609355
4.859999999999984,-9.26858262418101,3.562655837852231,28.215183437046058,0.1373166964306689,0.2917078270507192,0.0,-6.249162213135376,3.0909550412236753,5.040082024485198,0.022148994136445763,0.03634800113864043,0.0,455.60551846252105,456.0827638868482,458.4113963353149,457.443654769356
4.919999999999983,-9.649428193458608,3.750189861601023,28.516608053809883,0.13913497116240414,0.2940424035056104,0.0,-6.446097896728803,3.1601897541708417,5.00695927301489,0.04299290297871529,0.04359406890777795,0.0,452.3021419676024,452.88620394229827,450.6011946287709,452.2837946766074
4.979999999999982,-10.041596634515445,3.941621808218928,28.814062664779772,0.14221994150457373,0.29675410346679065,0.0,-6.626720136797694,3.2210145333786815,4.9080914929341315,0.06442857843953557,0.04821775206320253,0.0,431.0602901727778,431.45219465103304,429.8273066124317,431.64232683193774
5.0399999999999805,-10.444891821796132,4.136820652435788,29.10613907810023,0.14600145878457482,0.2995415085660458,0.0,-6.816979863226388,3.285811031370889,4.8275137003750785,0.06006111362383263,0.04268041376777836,0.0,438.1681052922444,437.7087003710701,437.35629561336503,436.9952285027387
